min_height = 40
min_height_echo = 0.0046648
max_height = 155
max_height_echo = 0.0180761
