min_height = 65
min_height_echo_secs = 0.0036169150844216347
max_height = 125
max_height_echo_secs = 0.0071158697828650475
